0
1
2
3
4
5
6
7
8
9
10
11
12
13
14
15
16
17
18
19
20
21
22
23
24
25
26
27
28
29
30
31
32
33
34
35
36
37
38
39
40
41
42
43
44
45
46
47
48
49
50
51
52
53
54
55
56
57
58
59
60
61
62
63
64
65
66
67
68
69
70
71
72
73
74
75
76
77
78
79
80
81
82
83
84
85
86
87
88
89
90
91
92
93
94
95
96
97
98
99
100
101
102
103
104
105
106
107
108
109
110
111
112
113
114
115
116
117
118
119
120
121
122
123
124
125
126
127
128
129
130
131
132
133
134
135
136
137
138
139
140
141
142
143
144
145
146
147
148
149
150
151
152
153
154
155
156
157
158
159
160
161
162
163
164
165
166
167
168
169
170
171
172
173
174
175
176
177
178
179
180
181
182
183
184
185
186
187
188
189
190
191
192
193
194
195
196
197
198
199
200
201
202
203
204
205
206
207
208
209
210
211
212
213
214
215
216
217
218
219
220
221
222
223
224
225
226
227
228
229
230
231
232
233
234
235
236
237
238
239
240
241
242
243
244
245
246
247
248
249
250
251
252
253
254
255
256
257
258
259
260
261
262
263
264
265
266
267
268
269
270
271
272
273
274
275
276
277
278
279
280
281
282
283
284
285
286
287
288
289
290
291
292
293
294
295
296
297
298
299
300
301
302
303
304
305
306
307
308
309
310
311
312
313
314
315
316
317
318
319
320
321
322
323
324
325
326
327
328
329
330
331
332
333
334
335
336
337
338
339
340
341
342
343
344
345
346
347
348
349
350
351
352
353
354
355
356
357
358
359
360
361
362
363
364
365
366
367
368
369
370
371
372
373
374
375
376
377
378
379
380
381
382
383
384
385
386
387
388
389
390
391
392
393
394
395
396
397
398
399
400
401
402
403
404
405
406
407
408
409
410
411
412
413
414
415
416
417
418
419
420
421
422
423
424
425
426
427
428
429
430
431
432
433
434
435
436
437
438
439
440
441
442
443
444
445
446
447
448
449
450
451
452
453
454
455
456
457
458
459
460
461
462
463
464
465
466
467
468
469
470
471
472
473
474
475
476
477
478
479
480
481
482
483
484
485
486
487
488
489
490
491
492
493
494
495
496
497
498
499
500
501
502
503
504
505
506
507
508
509
510
511
512
513
514
515
516
517
518
519
520
521
522
523
524
525
526
527
528
529
530
531
532
533
534
535
536
537
538
539
540
541
542
543
544
545
546
547
548
549
550
551
552
553
554
555
556
557
558
559
560
561
562
563
564
565
566
567
568
569
570
571
572
573
574
575
576
577
578
579
580
581
582
583
584
585
586
587
588
589
590
591
592
593
594
595
596
597
598
599
600
601
602
603
604
605
606
607
608
609
610
611
612
613
614
615
616
617
618
619
620
621
622
623
624
625
626
627
628
629
630
631
632
633
634
700
800
900
1000
1100
1200
1300
1400
1500
1600
1700
1800
1900
2000
2100
2200
2300
2400
2481
2482
2500
2518
2566
2567
2575
2600
2603
2673
2674
2700
2800
2900
3000
3100
3200
3300
3400
3444
3452
3500
3547
3600
3631
3700
3800
3900
4000
4100
4200
4300
4400
4500
4600
4616
4700
4800
4900
5000
5100
5200
5300
5400
5500
5600
5700
5800
5900
6000
6100
6200
6300
6400
6600
6700
6800
6900
6943
6951
7000
7200
7300
7400
7500
7600
7700
7800
8000
8100
8200
8300
8400
8500
8600
8700
8800
8900
9100
9300
9400
9500
9600
9900
10000
10400
10800
10900
11000
11400
11500
11600
11659
11700
11800
12000
12200
12300
12400
12500
12900
13400
13479
13500
13600
13800
13900
14100
14200
14300
14600
14700
14900
15100
15200
15300
15400
15500
15600
15700
15800
15900
16000
16100
16300
16400
16500
16600
16800
16900
17000
17100
18000
19300
19400
19500
19600
19800
20600
20700
21000
21100
21200
21700
21800
22000
22200
22300
22500
22700
22800
22900
23000
23100
23300
24000
24100
24700
24900
25200
25300
25400
26400
26500
26600
26700
26800
26900
27000
27100
27200
27400
27500
27900
28300
28400
28500
28600
28900
29000
29200
29300
29400
29500
29600
30000
30500
31200
31800
31900
32000
32100
32200
32300
32400
32500
32600
32700
32800
32900
33000
33100
33200
33300
33400
33500
33600
33700
33800
33900
34000
34100
34200
34300
34400
34500
34600
34700
34800
34900
35000
35100
35200
35300
35400
35500
35600
35700
35800
35900
36000
36100
36200
36300
38859
46113
46369
46625
46881
47137
47393
47649
47905
48161
48417
50131
54305
62070
63692
69068
69445
70029
72479
72487
73328
74296
75248
80029
82167
82669
84090
85135
88289
93427
94613
97313
98131
104666
113166
114419
115991
116623
120772
120773
120774
120775
120776
120777
120778
120779
125362
127251
127861
127912
129988
133272
134958
138015
138023
145662
151228
161762
168740
173497
173592
173593
173594
173595
185174
185175
186174
188829
194045
194056
198231
200818
201352
201993
202652
203551
203559
203887
204422
208499
213145
223794
227448
227452
242019
243868
244191
245452
246277
262623
268949
269087
269095
274310
274311
274312
274313
274314
278083
278512
286791
297281
297365
302505
304056
304475
332668
338904
338905
338906
340799
352133
357897
368047
372762
375356
375357
375819
376075
380542
384877
388341
390912
395339
395781
399537
399538
399539
399540
399541
399542
399543
399544
399545
399546
399569
399570
399571
399572
399573
399574
399575
399576
399577
399578
399601
399602
399603
399604
399605
399606
399607
399608
399609
399610
399633
399634
399635
399636
399637
399638
399639
399640
399641
399642
399665
399666
399667
421571
431476
438535
439640
439641
439642
439643
450504
459332
468910
469606
470578
471287
484785
484817
485069
486381
486885
486893
490623
490969
491177
491473
492225
492441
513424
534508
536772
536773
536774
536775
536776
536777
536778
536779
536780
540737
540741
540745
540749
540753
540754
540757
540761
540765
540769
540773
540774
540865
540869
540873
540877
540881
540885
540889
540890
540893
543488
544112
548366
550061
553393
553394
553395
553396
553397
553398
553399
553400
553401
553424
553425
553426
553427
553428
553429
553430
553431
553432
553433
553456
553457
553458
553459
553460
553461
553462
553463
553464
553465
553488
553489
553490
553491
553492
553493
553494
553495
553496
553497
553520
553521
553522
553523
553524
553525
553526
553527
553528
553529
553552
553553
553554
553555
553556
553557
553558
553559
553560
553561
553584
553585
553586
553587
553588
553589
553590
553591
553592
553593
553616
553617
553618
553619
553620
553621
553622
553623
553624
553625
553648
553649
553650
553651
553652
553653
553654
553655
553656
553657
553680
553681
553682
553683
553684
553685
553686
553687
553688
553689
554383
554416
561660
564395
576434
576942
584810
586178
593270
600926
606903
608375
609662
619130
646188
646322
647908
648511
651294
653300
653302
653304
655860
658235
670124
677841
680836
683489
685278
688491
702009
720621
720622
725055
733946
743676
746383
748242
749721
749722
749723
749724
749725
749726
749727
749728
762013
763709
771902
774826
775736
779854
780769
788129
788922
788924
788925
788926
788927
788928
792473
792474
792475
792478
792479
792480
792481
792504
792505
792506
792507
792508
792509
792510
800195
806734
809716
813771
816779
821750
828424
843208
849509
855680
856134
857851
857852
857853
857854
864378
865370
867490
880655
881722
891867
892777
893031
899766
901011
905738
914029
921052
938049
940469
942594
942927
956370
986314
986315
986316
986317
989434
992113
1000848
1009106
1012726
1015666
1016973
1020639
1021424
1037646
1042496
1045423
1051760
1051761
1051762
1051763
1051764
1051765
1051766
1051861
1051925
1051926
1051927
1051928
1051929
1051930
1051953
1051954
1051955
1051956
1051957
1051958
1051959
1051960
1051961
1051962
1051985
1051986
1051987
1051988
1051989
1051990
1051991
1051992
1051993
1051994
1052017
1052018
1052019
1052020
1052064
1052567
1055417
1058430
1061471
1064543
1071354
1072227
1081024
1081951
1085023
1086040
1087469
1090262
1109797
1110959
1114284
1116461
1121205
1127091
1131409
1139277
1142747
1154803
1154807
1154811
1155955
1168469
1168979
1173876
1176495
1176891
1180035
1200618
1200970
1214538
1216654
1220817
1221363
1228225
1231266
1235166
1235647
1242031
1242625
1249408
1255932
1256006
1257901
1260081
1261354
1268276
1268278
1268280
1268282
1268284
1268286
1268288
1268290
1268292
1292158
1292551
1292928
1296044
1296654
1299921
1300300
1303463
1304340
1306246
1307567
1308288
1311066
1311089
1314389
1336906
1338891
1343549
1344270
1344363
1349706
1358651
1358679
1358683
1363026
1369627
1373024
1373103
1376602
1378052
1381302
1385398
1388385
1389494
1389958
1397195
1397881
1404622
1407817
1413171
1413172
1413173
1413174
1413175
1417943
1420446
1420450
1420454
1421598
1428723
1438639
1442138
1445830
1448253
1448254
1453197
1463712
1464920
1472244
1476260
1477823
1482051
1483635
1486239
1489854
1493164
1494064
1495085
1497689
1497691
1497692
1501262
1502854
1504175
1506463
1507674
1510772
1510780
1511385
1514330
1517597
1518328
1518331
1521182
1522050
1523288
1527865
1533609
1538168
1538169
1538170
1538171
1538172
1538173
1538174
1539987
1542088
1550068
1552661
1552662
1553177
1555017
1558635
1561303
1561330
1562697
1563369
1569711
1573210
1575677
1576308
1576316
1581149
1581267
1582155
1582444
1584213
1585943
1592641
1597129
1601728
1601878
1602616
1604758
1605045
1607566
1608119
1614203
1617718
1620536
1620537
1621294
1632970
1633812
1635247
1637776
1638746
1640539
1641844
1641852
1647374
1648824
1649009
1653181
1655173
1657470
1658807
1666841
1669596
1673050
1686157
1700198
1701767
1701876
1701878
1701880
1702009
1702732
1704436
1707380
1707388
1712377
1713265
1715873
1719927
1719961
1728807
1731758
1734070
1743253
1745074
1745542
1752257
1755983
1757322
1761097
1761635
1761655
1761839
1767445
1770530
1772916
1772924
1774339
1776415
1776423
1777379
1778401
1781098
1781417
1782663
1792092
1795027
1795915
1798481
1804146
1817153
1818318
1818604
1821247
1830224
1837201
1837373
1838452
1838460
1839486
1839677
1841951
1841959
1845263
1847613
1854647
1855722
1860549
1864460
1867561
1869887
1875635
1876842
1887370
1893296
1896906
1903988
1903996
1906049
1907487
1908057
1922522
1924032
1928169
1930398
1931687
1932323
1939563
1942714
1946925
1947774
1950553
1954078
1958419
1962668
1965526
1969524
1969532
1972668
1972669
1972670
1972671
1972672
1972673
1973023
1975632
1977379
1987015
1988184
2007034
2011679
2018164
2019871
2020107
2026015
2029873
2034207
2034489
2035060
2035068
2038449
2038559
2041769
2047220
2048551
2049899
2052874
2055367
2056198
2068852
2070215
2075842
2078061
2082074
2082955
2087086
2092387
2094851
2100596
2100604
2103248
2103363
2104095
2114776
2114827
2118725
2122126
2129265
2129987
2133535
2134445
2134742
2136593
2137631
2141168
2144911
2144966
2148548
2150943
2153167
2155852
2156624
2156661
2156662
2157370
2159135
2160387
2162786
2162787
2162788
2162789
2162790
2162791
2162792
2162793
2162794
2162795
2163165
2165279
2169631
2183530
2184030
2184757
2187934
2189429
2189430
2189431
2189432
2189434
2189437
2205688
2206510
2209197
2209622
2218194
2220283
2221565
2223943
2225174
2225175
2225176
2225923
2230931
2231467
2235167
2241189
2242976
2243737
2247490
2252310
2252445
2252818
2255012
2256787
2256811
2256950
2258563
2260372
2260403
2260441
2260532
2260567
2260660
2261336
2264467
2264979
2265014
2265235
2265543
2268703
2273177
2278955
2280937
2282015
2285346
2290826
2291459
2291971
2298122
2300703
2301180
2307649
2309888
2311982
2317926
2317928
2319144
2320515
2323324
2335047
2338629
2345646
2346577
2353950
2354416
2356995
2359759
2362948
2366239
2369877
2377252
2377333
2377889
2381679
2384540
2384743
2389428
2390319
2408760
2412477
2417670
2422531
2422616
2426715
2432464
2435796
2440081
2442889
2444927
2448003
2448633
2466261
2473974
2473975
2474021
2474076
2474998
2478167
2480365
2488017
2488067
2489195
2496361
2499574
2499576
2500050
2501622
2501837
2501838
2502646
2507366
2511681
2513127
2514991
2519336
2519337
2519338
2520981
2525727
2527095
2538695
2539039
2543847
2552351
2553603
2553696
2556762
2561529
2562591
2563348
2571322
2573412
2573920
2573930
2579225
2579851
2586192
2599949
2601397
2603439
2613881
2615035
2619876
2629599
2632249
2637062
2640450
2641636
2641637
2641638
2641639
2641968
2641969
2641970
2641971
2641972
2641973
2641974
2641975
2641976
2641999
2643652
2645594
2650499
2658772
2661906
2662713
2662714
2662715
2662716
2665916
2665917
2665918
2665919
2665920
2665921
2669389
2670184
2682399
2683741
2684667
2686964
2689563
2692136
2694495
2695481
2702921
2703407
2704065
2704920
2706479
2706480
2706481
2706482
2706483
2706484
2706485
2706486
2706487
2706510
2706511
2706512
2706513
2706514
2706515
2706516
2706517
2706518
2706519
2706542
2706543
2706544
2706545
2706546
2706547
2706548
2706549
2706550
2706551
2706574
2706575
2706576
2706577
2706578
2706579
2706580
2706581
2706582
2706583
2706606
2706607
2706608
2706609
2706610
2706611
2706612
2706613
2706614
2706615
2706638
2706639
2706640
2706641
2706642
2706643
2706644
2706645
2706646
2706647
2706670
2706671
2706672
2706673
2706674
2706675
2706676
2706677
2706678
2706679
2706702
2706703
2706704
2706705
2706706
2706707
2706708
2706709
2709223
2710139
2710669
2722793
2724482
2725226
2728249
2731583
2736905
2740865
2740866
2740867
2740868
2740869
2740870
2740871
2740872
2740873
2740893
2740894
2740895
2740896
2740897
2740898
2740899
2740900
2740901
2742081
2742082
2742083
2742084
2742085
2742086
2742087
2742088
2742089
2742109
2742110
2742111
2742112
2742113
2742114
2742115
2742116
2742117
2744074
2744378
2744572
2746549
2748743
2748907
2750252
2750452
2750454
2750456
2750462
2753012
2756107
2761017
2763205
2764481
2766634
2766645
2771461
2777861
2779717
2781167
2781999
2782748
2789125
2789931
2789934
2793711
2793785
2798960
2802207
2803225
2806723
2817976
2818080
2819825
2820309
2820639
2822338
2822978
2827532
2828037
2829990
2837551
2837552
2837553
2837554
2837555
2837556
2837557
2837558
2837559
2837582
2837583
2837584
2837585
2837586
2837587
2837588
2837589
2837590
2837591
2837614
2837615
2837616
2837617
2837618
2837619
2837620
2837621
2837622
2837623
2837646
2837647
2837648
2837649
2837650
2837651
2837652
2837653
2837654
2837655
2837678
2837679
2837680
2837681
2837682
2837683
2837684
2837685
2837686
2837687
2837710
2842025
2847063
2851549
2854679
2858592
2858617
2863541
2868988
2881125
2883661
2883662
2883663
2883664
2883665
2883666
2883667
2883668
2883669
2883692
2883693
2883694
2883695
2883696
2883697
2883698
2883699
2883700
2883701
2883724
2883725
2883726
2883727
2883728
2883729
2883730
2883731
2883732
2885312
2893749
2896166
2902799
2910297
2910298
2910299
2910300
2910301
2910302
2912740
2913478
2913935
2916329
2919967
2924465
2929183
2933428
2934899
2935982
2936078
2936910
2936942
2937038
2937134
2938094
2952806
2952807
2952808
2952809
2952810
2952811
2952812
2952813
2952814
2952837
2952838
2952839
2952840
2952841
2952842
2952843
2952844
2952845
2952846
2952869
2952870
2952871
2952872
2952873
2952874
2952875
2953707
2960149
2961552
2962898
2966576
2968197
2970671
2970672
2970673
2970674
2970675
2970676
2970677
2970678
2970679
2970702
2970703
2970704
2970705
2970706
2970707
2970708
2970709
2970710
2970711
2970734
2970735
2970736
2970737
2970738
2970739
2970740
2970741
2970742
2970743
2970766
2970767
2970768
2970769
2970770
2970771
2970772
2970773
2970774
2970775
2970798
2970799
2970800
2970801
2970802
2970803
2970804
2970805
2970806
2970830
2970835
2970836
2970837
2970839
2970862
2983851
2992799
3007899
3008937
3012084
3014035
3014959
3019332
3019333
3019334
3019335
3019336
3019337
3019338
3019339
3019340
3019363
3019364
3019365
3019366
3019367
3019368
3019369
3019370
3019371
3019372
3019395
3019396
3019397
3019398
3019399
3019400
3019401
3019402
3019403
3019404
3019427
3019428
3019429
3019430
3019431
3019432
3019433
3019434
3019435
3019436
3019459
3019460
3019461
3019462
3019463
3019464
3019465
3019466
3019467
3019468
3019491
3019492
3019493
3019494
3019495
3019496
3019497
3019498
3019499
3019500
3019523
3019524
3019525
3019526
3019527
3019528
3019529
3019530
3019531
3019532
3019555
3019556
3019557
3022978
3023685
3023687
3023697
3023703
3024513
3024523
3032348
3034692
3043003
3044465
3046136
3048797
3049109
3051310
3062303
3070043
3078049
3079711
3087222
3089018
3089755
3093041
3096224
3097074
3098505
3098506
3104484
3112561
3139844
3142575
3150242
3154108
3157755
3157756
3157757
3157758
3157759
3157760
3157761
3169136
3169517
3171732
3173660
3173661
3178578
3184406
3187231
3193765
3195808
3198030
3198062
3198094
3198126
3198158
3199446
3200897
3201116
3202319
3202661
3202662
3202663
3202679
3204725
3208111
3208269
3210412
3221445
3229701
3233771
3237957
3244223
3244224
3244225
3244226
3244227
3244228
3251955
3251959
3251963
3252113
3252730
3253107
3253697
3259739
3272828
3273647
3282363
3283040
3288716
3300853
3300948
3301105
3301364
3301670
3301747
3301873
3301907
3304951
3305049
3305093
3305333
3305353
3305461
3305617
3305715
3305826
3307536
3308981
3309048
3309170
3309297
3310066
3310099
3313064
3313528
3313627
3313776
3314037
3314161
3317209
3317238
3318586
3321204
3321330
3322059
3326603
3329570
3335645
3337565
3339183
3345937
3346924
3349368
3354140
3357666
3359145
3364995
3370060
3378679
3389865
3390198
3390200
3390203
3390205
3390206
3390706
3391423
3393073
3393074
3393075
3393076
3393077
3393078
3393079
3393080
3393081
3393104
3393105
3393106
3393107
3393108
3393109
3393110
3393111
3393112
3393113
3393136
3393137
3393138
3393139
3393140
3393141
3393142
3393143
3393144
3393145
3393168
3393169
3393170
3393171
3393172
3393173
3393174
3393175
3393176
3393177
3393200
3393201
3393202
3393203
3393204
3393205
3393206
3393207
3393208
3393209
3393232
3393233
3393234
3393235
3393236
3393237
3393238
3393239
3393240
3393241
3393264
3393265
3393266
3393267
3393268
3393269
3393270
3393271
3393272
3396254
3404719
3412748
3413574
3414639
3415444
3415798
3415799
3416127
3420918
3421942
3426437
3426835
3435924
3442993
3444438
3444994
3447892
3449688
3455328
3457751
3459164
3459582
3460444
3470255
3471248
3474716
3477300
3481866
3482203
3484958
3484959
3484960
3484961
3498490
3499233
3500169
3505994
3506048
3511853
3512994
3514864
3516290
3517598
3517602
3517606
3520386
3523249
3525092
3535791
3535986
3545678
3554212
3557728
3568817
3573016
3575262
3599302
3601327
3602290
3604189
3604190
3604191
3604192
3604193
3604194
3604195
3604196
3607924
3607932
3614423
3617799
3622449
3622450
3622451
3622452
3622453
3622454
3622455
3622456
3622457
3622480
3622481
3622482
3622483
3622484
3622485
3622486
3622487
3622488
3622489
3622512
3622513
3622514
3622515
3622516
3622517
3622518
3622519
3622520
3622521
3622544
3622545
3622546
3622547
3622548
3622549
3622550
3622551
3622552
3622553
3622576
3622577
3622578
3622579
3622580
3622581
3622582
3622583
3622584
3622585
3622608
3622609
3622610
3622611
3622612
3622613
3622614
3622615
3622616
3622617
3622640
3622641
3622642
3622643
3622644
3622645
3622646
3622647
3622648
3622649
3622672
3622673
3622674
3622675
3622676
3622677
3622678
3622679
3622680
3622681
3622704
3622705
3622706
3622707
3622708
3622709
3622710
3622711
3622712
3622713
3622736
3622737
3622738
3622739
3622740
3622741
3622742
3622743
3622744
3622745
3623472
3623473
3623474
3623475
3623476
3623477
3623478
3623479
3623480
3623481
3623504
3623505
3623506
3623507
3623508
3623509
3623510
3623511
3623512
3623513
3623536
3623537
3623538
3623539
3623540
3623541
3623542
3623543
3623544
3623545
3623568
3623569
3623570
3623571
3623572
3623573
3623574
3623575
3623576
3623577
3623600
3623601
3623602
3623603
3623604
3623605
3623606
3623607
3623608
3623609
3623632
3623633
3623634
3623635
3623636
3623637
3623638
3623639
3623640
3623641
3623664
3623665
3623666
3623667
3623668
3623669
3623670
3623671
3623672
3623673
3623696
3623697
3623698
3623699
3623700
3623701
3623702
3623703
3623704
3623705
3623728
3623729
3623730
3623731
3623732
3623733
3623734
3623735
3623736
3623737
3623760
3623761
3623762
3623763
3623764
3623765
3623766
3623767
3623768
3623769
3624496
3624497
3624498
3624499
3624500
3624501
3624502
3624503
3624504
3624505
3624528
3624529
3624530
3624531
3624532
3624533
3624534
3624535
3624536
3624537
3624560
3624561
3624562
3624563
3624564
3624565
3624566
3624567
3624568
3624569
3624592
3624593
3624594
3624595
3624596
3624597
3624598
3624599
3624600
3624601
3624624
3624625
3624626
3624627
3624628
3624629
3624630
3624631
3624632
3624633
3624656
3624657
3624658
3624659
3624660
3624661
3624662
3624663
3624664
3624665
3624688
3624689
3624690
3624691
3624692
3624693
3624694
3624695
3624696
3624697
3624720
3624721
3624722
3624723
3624724
3624725
3624862
3624863
3624864
3624865
3624866
3627380
3627985
3628045
3629452
3640656
3655066
3657122
3666863
3671022
3672756
3673460
3673468
3675510
3681040
3684559
3684560
3684561
3684562
3684563
3689253
3690659
3691804
3694561
3706125
3707397
3710356
3720589
3721138
3722317
3727089
3732399
3733079
3735474
3738412
3738996
3739004
3748985
3754959
3755799
3759584
3759888
3764118
3767025
3772722
3775247
3776612
3776630
3776883
3780163
3783397
3784760
3787251
3789051
3789233
3789234
3789235
3789236
3789237
3789238
3789239
3789240
3789241
3790082
3790449
3790450
3790451
3790452
3790453
3790454
3790455
3790456
3790457
3793148
3795951
3796009
3799028
3799030
3799038
3800649
3800650
3800661
3801588
3803776
3803948
3804532
3804540
3806061
3809008
3814778
3814999
3815000
3815002
3815003
3815004
3815005
3815006
3815007
3815008
3815031
3815032
3815033
3815034
3815035
3815036
3815037
3815038
3815039
3821210
3821653
3821654
3821656
3821657
3821658
3821659
3821660
3821661
3821662
3821685
3821686
3821687
3821688
3821689
3821690
3821691
3821692
3821693
3822549
3822550
3822552
3822553
3822554
3822555
3822556
3822557
3822558
3822581
3822582
3822583
3822584
3822585
3822586
3822587
3822588
3822589
3825992
3840341
3840981
3844179
3844514
3845286
3850093
3853041
3853911
3853912
3853914
3853915
3853916
3853917
3853918
3853919
3853920
3853943
3853944
3853945
3853946
3853947
3853948
3853949
3853950
3853951
3855974
3857115
3857952
3860565
3860566
3860568
3860569
3860570
3860571
3860572
3860573
3860574
3860597
3860598
3860599
3860600
3860601
3860602
3860603
3860604
3860605
3861461
3861462
3861464
3861465
3861466
3861467
3861468
3861469
3861470
3861493
3861494
3861495
3861496
3861497
3861498
3861499
3861500
3861501
3869491
3870068
3870076
3871525
3872515
3873567
3875373
3875705
3882520
3885876
3888040
3895268
3895331
3902595
3903280
3903600
3903601
3903602
3903603
3906595
3909077
3910832
3912499
3920698
3929027
3931887
3935604
3935612
3939103
3942717
3944632
3951280
3951281
3951282
3951283
3953328
3953329
3953330
3953331
3953332
3953333
3953334
3953335
3953336
3953359
3953360
3953361
3953362
3953363
3953364
3953365
3953862
3955376
3955377
3955378
3955379
3955380
3955381
3955382
3957424
3957425
3957426
3957427
3957428
3957429
3957430
3959347
3964349
3965959
3972901
3973535
3978361
3986180
3987146
3990888
3992981
3997905
4001140
4001148
4003604
4004639
4007010
4010569
4011739
4012767
4016586
4016592
4019247
4019248
4019249
4019250
4019251
4019252
4019253
4019254
4021878
4025682
4040743
4043889
4046673
4051778
4054331
4059691
4061737
4062901
4066676
4066684
4067406
4067407
4067408
4067409
4067410
4070175
4070719
4078567
4080870
4090777
4091484
4092363
4097416
4103058
4105657
4108613
4110701
4111324
4113520
4115021
4121046
4128147
4128473
4132212
4132220
4132822
4133531
4133769
4135711
4136134
4136454
4140155
4140665
4142860
4144905
4146288
4155820
4155821
4155822
4155823
4155824
4165705
4166367
4169740
4170791
4170942
4174790
4178626
4179968
4181701
4184683
4185861
4197013
4197748
4197756
4201247
4203918
4204890
4207149
4208079
4216968
4218348
4218574
4219388
4229929
4232604
4250645
4251120
4255224
4257499
4259249
4259661
4264770
4266783
4268561
4270266
4273954
4273955
4273956
4274895
4276633
4282883
4287643
4295709
4296929
4307037
4310646
4311897
4317409
4320607
4332319
4332917
4333508
4335128
4349761
4350139
4350703
4352277
4353434
4353559
4353592
4354136
4354302
4354395
4355470
4356925
4357625
4357658
4357691
4357720
4358390
4358420
4358618
4358847
4362807
4363411
4369310
4372344
4376717
4376958
4380949
4383955
4384689
4394889
4395006
4397738
4397855
4408119
4412084
4414035
4415078
4421846
4422901
4427600
4439976
4445636
4445656
4445701
4446878
4453285
4455529
4456297
4463391
4465742
4466846
4471584
4477427
4482528
4484290
4497479
4497480
4499249
4503341
4505564
4506022
4514176
4519852
4524994
4536499
4546059
4552433
4559180
4564313
4580899
4582358
4582677
4598596
4598846
4611185
4611738
4611955
4615153
4620203
4622015
4622435
4624155
4624282
4624364
4630401
4639743
4640172
4647921
4652233
4656655
4663204
4663679
4667513
4676637
4678335
4680689
4681155
4689015
4693057
4695107
4702584
4705076
4711934
4722567
4728320
4728384
4728448
4728512
4728576
4728640
4728704
4728768
4728832
4730304
4730368
4730432
4730496
4730498
4730560
4730624
4730688
4730752
4730816
4730880
4730924
4732352
4732416
4732480
4732544
4732608
4732672
4732736
4732800
4732864
4732928
4733849
4734400
4734464
4734528
4734592
4734656
4734720
4734784
4734848
4734912
4734921
4734925
4734929
4734933
4734941
4734945
4734949
4734976
4735045
4735050
4735053
4735057
4735205
4735297
4735301
4735305
4735309
4735449
4736448
4736512
4736576
4736640
4736704
4736768
4736832
4736896
4736960
4737024
4738496
4738560
4738624
4738688
4738752
4738816
4738880
4738944
4739008
4739072
4740169
4740544
4740608
4740672
4740736
4740800
4740864
4740928
4740992
4741056
4741120
4742592
4742656
4742720
4742784
4742848
4742912
4742976
4743040
4743104
4743168
4744453
4744640
4744704
4744768
4744832
4744896
4744960
4745024
4745088
4745152
4745216
4745860
4746225
4746688
4746752
4746816
4746880
4746944
4747008
4747072
4747136
4747200
4747243
4747264
4747335
4747339
4750787
4752087
4757211
4760984
4763068
4763069
4763070
4763071
4763072
4763918
4765899
4765900
4765901
4765902
4765903
4765917
4770783
4772075
4772167
4772171
4772172
4772173
4772174
4772175
4772176
4772883
4775636
4776300
4785439
4786761
4790611
4793792
4793856
4793920
4793984
4794048
4794112
4794176
4794240
4794304
4794368
4795840
4795904
4795968
4796032
4796096
4796160
4796224
4796288
4796352
4796416
4797888
4797952
4798016
4798080
4798144
4798208
4798272
4798336
4802096
4804076
4808723
4809272
4817885
4824819
4827435
4828848
4830612
4832495
4839642
4840253
4841468
4847604
4847606
4847612
4850165
4850167
4859392
4859456
4859520
4859584
4859648
4859712
4859776
4859840
4859904
4861376
4861440
4861504
4861568
4861632
4861696
4861760
4861824
4861888
4861952
4863424
4863488
4863552
4863616
4863680
4863744
4863808
4863872
4863936
4864000
4864136
4865472
4865536
4865600
4865664
4865728
4865792
4865856
4865920
4865984
4866048
4867520
4867584
4867648
4867712
4867776
4867840
4867904
4867968
4868032
4868096
4869420
4869568
4869632
4869696
4869760
4869824
4869888
4869932
4869952
4870016
4870080
4870144
4870298
4870648
4871616
4871680
4872294
4877355
4878513
4878702
4878714
4884385
4885183
4886619
4890232
4892219
4892703
4893533
4895840
4903152
4904233
4906974
4912927
4920853
4922619
4926469
4927145
4928181
4932103
4934069
4934182
4936471
4945831
4963870
4964802
4968233
4969590
4973323
4974682
4974683
4974684
4976262
4982417
4983532
4988990
4989111
4990095
4995876
5003060
5016931
5017926
5022168
5022756
5025235
5028985
5029427
5036391
5039732
5039733
5039734
5039735
5039736
5040712
5043678
5045267
5045268
5045269
5045270
5045271
5045272
5045273
5045274
5045385
5045861
5047340
5049972
5060640
5060704
5060768
5060832
5060896
5060960
5061024
5061088
5061152
5062624
5062688
5062752
5062816
5062880
5062944
5063008
5063072
5063136
5063200
5064672
5064736
5064800
5064864
5064928
5064992
5065056
5065120
5065184
5065248
5066720
5066784
5066848
5066912
5066976
5067040
5067104
5067168
5067232
5067296
5068768
5068832
5068896
5068960
5069024
5069088
5069152
5069216
5069280
5069344
5070816
5070880
5070944
5071008
5071072
5071136
5071200
5071264
5071328
5071392
5072864
5072928
5072992
5073056
5073120
5073184
5073248
5073312
5073376
5073440
5074912
5074976
5075040
5077114
5082392
5086516
5099278
5106527
5111419
5117047
5124973
5140029
5140971
5140972
5140973
5140974
5140975
5140976
5140977
5140978
5142912
5145168
5146327
5147020
5148351
5150767
5155078
5160270
5164983
5165409
5174301
5182173
5187928
5200334
5203819
5207683
5225323
5225324
5225325
5225326
5225327
5225328
5225329
5225330
5225331
5225354
5225355
5225356
5225357
5225358
5225359
5225360
5230591
5231596
5239727
5240562
5244263
5259092
5259879
5260114
5261163
5267054
5268562
5271439
5271939
5273271
5276046
5279604
5284690
5291922
5293322
5297656
5299260
5302064
5305263
5307052
5312112
5314378
5316072
5319506
5319507
5319508
5320628
5323275
5325017
5328476
5330187
5339338
5341444
5344884
5348775
5349107
5349111
5349115
5350259
5352995
5353032
5353672
5353806
5360723
5360724
5360725
5360726
5360727
5360728
5360729
5360730
5360731
5360754
5360755
5360756
5360757
5360758
5360759
5368397
5369505
5370799
5377801
5382232
5398259
5399518
5402650
5402777
5404860
5406135
5406299
5406356
5406401
5407036
5407254
5407287
5410164
5410182
5410709
5410930
5411317
5414380
5414424
5419711
5422361
5424508
5430043
5434239
5436335
5451272
5455312
5457556
5463459
5474806
5476962
5483662
5484184
5484223
5489398
5490254
5492697
5501871
5501936
5503401
5504807
5505758
5510908
5512474
5515309
5517323
5527833
5528113
5529280
5535050
5538545
5541004
5558004
5558386
5563689
5566449
5566450
5567407
5576498
5578280
5582003
5591131
5596334
5600790
5614750
5614754
5614758
5615716
5618738
5622498
5625785
5632586
5634095
5634096
5634097
5634098
5642930
5645945
5651289
5653080
5657914
5668527
5680337
5684158
5688407
5691649
5697042
5705076
5705084
5709866
5712258
5716211
5716212
5716213
5716214
5716215
5716216
5716217
5716218
5716219
5716242
5716243
5726854
5726874
5727811
5733000
5733036
5734305
5738101
5739057
5746847
5753034
5754748
5766759
5770612
5770620
5770666
5777500
5784649
5786359
5787119
5787123
5787127
5787131
5787135
5787139
5806817
5812424
5815512
5817747
5817748
5817749
5817750
5817751
5817752
5817753
5817754
5817755
5817756
5817779
5817780
5817781
5817782
5817783
5817784
5817785
5818978
5820340
5821742
5822737
5823094
5823352
5829230
5833694
5834530
5836148
5849312
5850023
5851236
5851841
5852605
5860438
5861168
5861440
5862790
5865085
5875806
5876725
5880547
5886510
5890608
5895136
5896180
5896182
5896186
5896188
5898741
5898743
5899127
5901684
5903057
5905462
5913718
5913742
5913875
5917377
5918040
5921435
5923213
5924026
5925583
5933620
5937383
5939949
5941495
5945440
5946175
5946551
5957016
5960294
5961037
5962450
5967220
5967513
5970719
5970722
5977508
5979840
5980270
5980654
5982913
5988054
5996177
5998728
5998729
5998730
5998731
5998732
5998733
5998734
5998735
5998736
5998759
5998760
5998761
5998762
5998763
5998764
5998765
5998766
6006512
6017869
6019361
6026949
6032756
6036254
6036255
6036258
6036262
6037918
6039150
6039228
6042568
6043744
6048449
6048801
6050215
6050216
6053804
6054099
6056276
6056281
6060664
6076286
6088542
6089035
6089044
6089045
6095441
6098292
6098546
6100318
6101790
6101791
6101794
6101798
6109550
6109825
6110311
6113780
6113985
6121553
6121814
6122583
6129247
6129597
6130057
6131526
6134087
6138229
6139716
6143839
6150999
6154579
6154583
6155461
6161788
6163828
6164750
6164786
6164974
6165002
6165005
6166142
6167326
6167327
6167330
6167334
6176793
6177561
6179521
6182144
6189848
6191419
6191693
6194162
6198588
6208031
6213152
6213374
6218272
6220319
6225439
6226651
6226933
6229364
6230560
6231469
6232607
6232862
6232863
6232866
6232870
6234993
6234997
6242621
6242622
6242623
6242624
6242625
6242626
6242627
6242628
6242629
6242630
6242994
6244197
6245057
6252166
6252934
6255541
6255931
6262892
6262920
6265719
6276768
6279347
6283861
6285629
6294900
6298398
6298399
6298402
6298406
6302230
6305246
6310593
6314992
6318529
6322706
6324825
6327839
6332404
6332919
6332965
6335034
6339803
6350855
6361930
6363395
6363934
6363935
6363938
6363942
6364149
6366696
6369104
6370612
6372377
6373070
6374229
6374841
6374905
6376129
6377352
6380305
6383053
6387464
6392525
6400660
6406631
6412035
6412638
6414395
6415098
6418883
6419273
6423328
6429470
6429471
6429474
6429478
6441665
6445893
6446720
6446963
6448077
6449533
6449661
6449917
6450045
6450173
6450301
6451257
6451290
6451411
6453245
6453501
6453663
6453757
6453885
6454013
6454141
6454269
6454646
6454680
6455576
6455643
6455797
6457469
6457853
6457981
6458365
6458493
6459324
6459507
6460399
6461437
6461565
6461693
6461821
6461949
6462077
6462205
6462333
6462461
6462589
6465528
6465533
6465661
6465789
6465917
6466019
6469629
6469757
6469853
6469885
6470013
6470141
6470259
6470269
6470397
6470525
6470653
6473423
6473853
6473981
6474109
6474365
6474493
6474621
6474749
6474750
6474936
6475635
6477821
6477949
6477950
6478077
6478078
6478205
6478333
6478334
6478589
6478590
6478717
6478718
6478845
6478973
6478974
6479055
6479589
6482722
6483608
6485488
6486135
6492656
6495006
6495007
6495010
6495014
6512342
6512450
6522877
6527385
6533362
6535733
6539859
6543821
6543878
6543911
6545392
6547953
6547954
6547955
6547956
6547957
6550343
6551329
6551525
6557729
6560542
6560543
6560546
6560550
6561016
6561496
6561999
6572157
6572158
6572285
6572286
6572413
6572541
6572669
6572670
6572797
6572798
6572925
6573053
6573054
6573181
6575555
6576125
6576126
6576253
6576290
6576381
6576382
6576509
6576637
6576765
6576893
6577021
6577149
6577150
6580349
6580350
6580477
6580478
6580989
6581117
6581373
6584445
6584829
6584957
6584958
6585054
6585085
6585213
6585341
6585342
6585469
6585470
6588541
6588669
6589181
6589923
6593021
6593149
6593150
6593533
6596605
6596861
6596989
6596990
6597373
6597374
6597501
6597502
6597629
6597757
6600701
6600829
6606456
6606929
6607028
6610923
6616690
6623206
6623347
6623699
6629351
6634620
6636522
6637498
6638998
6651695
6655188
6670328
6674890
6680724
6683266
6689065
6689206
6691606
6692904
6692920
6701028
6701285
6703288
6704721
6704857
6705124
6705140
6713209
6716099
6720970
6730139
6741137
6743183
6744713
6746510
6749056
6755630
6768560
6775405
6776420
6776518
6781811
6785853
6786499
6786515
6788329
6788330
6788331
6788332
6788333
6788347
6788646
6790858
6800107
6804085
6814928
6819896
6823423
6823696
6826271
6829102
6829103
6829960
6831929
6833051
6835722
6838036
6838553
6839773
6844465
6844500
6844543
6844724
6845375
6845693
6848440
6849430
6854940
6856579
6856611
6856643
6856675
6856707
6856739
6856771
6856803
6856844
6858376
6859274
6860220
6860221
6863659
6868094
6868179
6868400
6872440
6876208
6881999
6895432
6895646
6895720
6904583
6910283
6910428
6917766
6922926
6932447
6934861
6943100
6947317
6947319
6952056
6953690
6958104
6960038
6960039
6960040
6960041
6960042
6963526
6964914
6974604
6976787
6983764
6993431
7001328
7003716
7012052
7012236
7012281
7015727
7021615
7023958
7030375
7031155
7032381
7032423
7035947
7036231
7040912
7049915
7052946
7056905
7057413
7058134
7067072
7067920
7068329
7078579
7080861
7081995
7084725
7084741
7089591
7097175
7097995
7102979
7103092
7109269
7113032
7114819
7116026
7116550
7118034
7121111
7129856
7134010
7135174
7136902
7137685
7142817
7149586
7149587
7149588
7154468
7156528
7157286
7161642
7168502
7170877
7171145
7179719
7186141
7191095
7194030
7205997
7206466
7206470
7206474
7206478
7206482
7206574
7206578
7206582
7206586
7206590
7206594
7208759
7211483
7218315
7222810
7223398
7224525
7226260
7238739
7240463
7244692
7253677
7262664
7271311
7276189
7276447
7276721
7282075
7284861
7285143
7288403
7290063
7300736
7302446
7302756
7304928
7313656
7327659
7328058
7328090
7328122
7328154
7328186
7328250
7328282
7328314
7328746
7329050
7329082
7329114
7329146
7329178
7329210
7329242
7329274
7329338
7330074
7333939
7343150
7345160
7349898
7350880
7351454
7352885
7358284
7360313
7365336
7367171
7369729
7370414
7374075
7374349
7378320
7382685
7390084
7392642
7393690
7399069
7402091
7406670
7407644
7410709
7418465
7418747
7419410
7424974
7425352
7427745
7427956
7430459
7430733
7434839
7439303
7441939
7442478
7442527
7442593
7446259
7446263
7446267
7446412
7448386
7454668
7459154
7461885
7472181
7476668
7479437
7479439
7492783
7492784
7495695
7495833
7496054
7500047
7501611
7501612
7501613
7501614
7501615
7503292
7503324
7503520
7503545
7503631
7504442
7507866
7508537
7508933
7511446
7515727
7517139
7517140
7517141
7517142
7517143
7517144
7517145
7517146
7517147
7517170
7517171
7517172
7517173
7517174
7517175
7517176
7517177
7517178
7517179
7517202
7517203
7517204
7517205
7517206
7517207
7517208
7517209
7517210
7517211
7517234
7517235
7517236
7517237
7517238
7517239
7517240
7517241
7517242
7517243
7517266
7517267
7517268
7517269
7517270
7517271
7523999
7534064
7534789
7540498
7543310
7544679
7544883
7556587
7558939
7562773
7570382
7571478
7585939
7590416
7593218
7595318
7596440
7604027
7609892
7610983
7617310
7617312
7617314
7617316
7617318
7617320
7617322
7617324
7618135
7619569
7623817
7630159
7633650
7637797
7638654
7640964
7642992
7643662
7647084
7654256
7656793
7656794
7660097
7660260
7669788
7670687
7674648
7675710
7679585
7685129
7685161
7686288
7686289
7693825
7704611
7705933
7710386
7710387
7710388
7710389
7710390
7711700
7711902
7711905
7711906
7711909
7711910
7711913
7711917
7713053
7716718
7721337
7738079
7740871
7752794
7753152
7753728
7757290
7757292
7759576
7759578
7759744
7759745
7759746
7759747
7772923
7773947
7774059
7785845
7788338
7799952
7799954
7799955
7801173
7802228
7805338
7806302
7806801
7811162
7822357
7823365
7824860
7835632
7835633
7835634
7835635
7835636
7835637
7835638
7835639
7835640
7835663
7835664
7835665
7835666
7835667
7835668
7835669
7835670
7835671
7835672
7835695
7835696
7835697
7835698
7835699
7835700
7835701
7835702
7835703
7835704
7835727
7838108
7840006
7849117
7851403
7854385
7862884
7867764
7870743
7870975
7874426
7883426
7900813
7902146
7902849
7905724
7905901
7905982
7907087
7909250
7915429
7919441
7933300
7940060
7940798
7948993
7953553
7954686
7964289
7971241
7972309
7973748
7990102
7995893
7995895
7998836
8005094
8008251
8010289
8017849
8018894
8021095
8021881
8024610
8025862
8026824
8029632
8031129
8032721
8033297
8035093
8049600
8057680
8064372
8064504
8067870
8067871
8067874
8067878
8068343
8094262
8094263
8094264
8094265
8094266
8094267
8094268
8094269
8094270
8094293
8094294
8094295
8094296
8094297
8098132
8098196
8114937
8116259
8116330
8116331
8126090
8129528
8129805
8129908
8133406
8133407
8133410
8133414
8134574
8139293
8143015
8143391
8144515
8146006
8146240
8153094
8153816
8154613
8155711
8155712
8155713
8155714
8155715
8155716
8155717
8155718
8155719
8155720
8158994
8159146
8162507
8168045
8168889
8171654
8181635
8192080
8195444
8195521
8198942
8198943
8198946
8198950
8209948
8210051
8218179
8219412
8222007
8229733
8234192
8241616
8249239
8249598
8260980
8261680
8264172
8264173
8264174
8264175
8264176
8264199
8264202
8264206
8264207
8264208
8264231
8264232
8264233
8264234
8264235
8264237
8264240
8264267
8264268
8264269
8264270
8264271
8264272
8264296
8264298
8264299
8264300
8264301
8264303
8264304
8264327
8264328
8264329
8264330
8264331
8264332
8264333
8264334
8264336
8264359
8264478
8264479
8264482
8264486
8264593
8274391
8285388
8285435
8286525
8296707
8309872
8312794
8313856
8314402
8315153
8326329
8326516
8330014
8330015
8330018
8330022
8339006
8348175
8357019
8360063
8360414
8362125
8362940
8362941
8362942
8362943
8374802
8376585
8379032
8390671
8392052
8393020
8395531
8395550
8395551
8395554
8395558
8399398
8406189
8407634
8414995
8415190
8422079
8424151
8431112
8440253
8441565
8442177
8443023
8443726
8452904
8452955
8458563
8459103
8459377
8460264
8461086
8461087
8461090
8461094
8461460
8463098
8463475
8465852
8468634
8471425
8476583
8481064
8481968
8483556
8484169
8485332
8489173
8489949
8496733
8496734
8498430
8500316
8511538
8511704
8515487
8515761
8526622
8526623
8526626
8526630
8530473
8534088
8539445
8541773
8542804
8543793
8547923
8548056
8548444
8548657
8548666
8549712
8555894
8560329
8561505
8564086
8570207
8570586
8571465
8571720
8574581
8576575
8577993
8578863
8580962
8582640
8588641
8592158
8592159
8592162
8592166
8597875
8598157
8602254
8604494
8612647
8613411
8613548
8614118
8617745
8617775
8619755
8624012
8625894
8626460
8639668
8639669
8639670
8639671
8639672
8641690
8644399
8647776
8652032
8652753
8652754
8654839
8657694
8657695
8657698
8657702
8659720
8666026
8672482
8685248
8690349
8691309
8699650
8701366
8702373
8706595
8709138
8710315
8710705
8715494
8727236
8739463
8739485
8745243
8745734
8751099
8758812
8759504
8770968
8771167
8771766
8777301
8792680
8797422
8797423
8803765
8813590
8818391
8827019
8834048
8837543
8840841
8843420
8844746
8852947
8859208
8859694
8869793
8870873
8880186
8889267
8889646
8890761
8894221
8895967
8898862
8909420
8911518
8912179
8915317
8917807
8922626
8931916
8936007
8941858
8947773
8948415
8952827
8953896
8954118
8954473
8957372
8957373
8957374
8957375
8957376
8957377
8959744
8962561
8964468
8965625
8971830
8971831
8971832
8971833
8975131
8979959
8980826
8980830
8980834
8980838
8980842
8980846
8980850
8980942
8980946
8980950
8980954
8981969
8983001
8985075
8986952
8995975
9001369
9012671
9025972
9034096
9037096
9037984
9041380
9044469
9044471
9055534
9058008
9062611
9068313
9068947
9069562
9069962
9072521
9074510
9074771
9076254
9078602
9082847
9090677
9091992
9097513
9098861
9100560
9102686
9105539
9107704
9110790
9114387
9125568
9129925
9130255
9138878
9139298
9139302
9139306
9139310
9139314
9139318
9139322
9139326
9139330
9139422
9140662
9148695
9148717
9150289
9150698
9152619
9155471
9187572
9199089
9201362
9206203
9211583
9219758
9221682
9222894
9224240
9227609
9227991
9233097
9236016
9242213
9253108
9254287
9256980
9267960
9289828
9292920
9293061
9295531
9295776
9297575
9298577
9305226
9306407
9306616
9323703
9324607
9324608
9324609
9324610
9324611
9324612
9324613
9326505
9339296
9342176
9356682
9359121
9366812
9372342
9378938
9379066
9379194
9379322
9379450
9379578
9379579
9379580
9379706
9379834
9379962
9382906
9383034
9383162
9383290
9383418
9383546
9383674
9383802
9383930
9384058
9386584
9387002
9387130
9387258
9397631
9400279
9401258
9407485
9411081
9413514
9428066
9430534
9431920
9436225
9438793
9442178
9443938
9444958
9447010
9448606
9449591
9456224
9457397
9459296
9461276
9463161
9473486
9475724
9491893
9493714
9496022
9496109
9496110
9496111
9496113
9496114
9496115
9496117
9496118
9496141
9496143
9496144
9496145
9496147
9496149
9496150
9496173
9496175
9496176
9496177
9496179
9496180
9496181
9496205
9496206
9496207
9496208
9496210
9496211
9496212
9496214
9496237
9496238
9496240
9496244
9496245
9496246
9496270
9496271
9496272
9496274
9496276
9496278
9496302
9496304
9496305
9499319
9508774
9528574
9530942
9531246
9537729
9538098
9540390
9542607
9543411
9543415
9543419
9548465
9549703
9550682
9553214
9553215
9553216
9553217
9553218
9553219
9560809
9562410
9564832
9565582
9565861
9567203
9567204
9567205
9567206
9574912
9577792
9581138
9586544
9591824
9592312
9592979
9594471
9594472
9594473
9594474
9594475
9594476
9596466
9596945
9597174
9600606
9600665
9600707
9604491
9605109
9605654
9605715
9611103
9612376
9613829
9616400
9620068
9630515
9631216
9645159
9649095
9653757
9662037
9663560
9663562
9663563
9674930
9679620
9680654
9686625
9691712
9692520
9695885
9696700
9715052
9715503
9722593
9723051
9723758
9730629
9730854
9734192
9743915
9745324
9746008
9750058
9759867
9759869
9759870
9759871
9759872
9761780
9770747
9774279
9776254
9776255
9776256
9776257
9776258
9776259
9776260
9776261
9776262
9776285
9776286
9777425
9781105
9784357
9789309
9790045
9799765
9805478
9809053
9809054
9809057
9809058
9809061
9809062
9809065
9809069
9810201
9810205
9816970
9821214
9822212
9824640
9826981
9826982
9826983
9826984
9826985
9826986
9826987
9830128
9835505
9838706
9842634
9843648
9844492
9848896
9852881
9867416
9870657
9872009
9890662
9890964
9892048
9899380
9899383
9899470
9900557
9928626
9933429
9938713
9940079
9942509
9955184
9955872
9955993
9959453
9963779
9964915
9964916
9964919
9964923
9973245
9975123
9978220
9980560
9980561
9980562
9982222
9984596
9985971
9990765
9991774
10001661
10008204
10016471
10021231
10022166
10028345
10030451
10030452
10030455
10030459
10045272
10048808
10051765
10051766
10055964
10061228
10061275
10061324
10061360
10061521
10068444
10068540
10069227
10069404
10070433
10075637
10075751
10080269
10084223
10089382
10089787
10093045
10093047
10094000
10095987
10095988
10095991
10095995
10097331
10100749
10107491
10110708
10112617
10115736
10117109
10121921
10125590
10130404
10137885
10143620
10155508
10158800
10159433
10159773
10161523
10161524
10161527
10161531
10165022
10165026
10165030
10175738
10175739
10175740
10175741
10175742
10175743
10175744
10175745
10175746
10175956
10180501
10181723
10182421
10184277
10184278
10184279
10184280
10184281
10192555
10199851
10200309
10200461
10202593
10204717
10204920
10204922
10204923
10204924
10204925
10211054
10217165
10217887
10224739
10227059
10227060
10227063
10227067
10228443
10230558
10230562
10230566
10244339
10246057
10247523
10249502
10251484
10259805
10261019
10263209
10272074
10278489
10284056
10284515
10289593
10292595
10292596
10292599
10292603
10296094
10296098
10296102
10308264
10314563
10319948
10325738
10325739
10325740
10325741
10325742
10325743
10325744
10325745
10325746
10325769
10325770
10325771
10325772
10325773
10325774
10325775
10325776
10325777
10325778
10325801
10325802
10325803
10325804
10325805
10325806
10325807
10325808
10326997
10328735
10329050
10333200
10339193
10358131
10358132
10358135
10358139
10361630
10361634
10361638
10362360
10363913
10364843
10368475
10369010
10380042
10393678
10402879
10404713
10405533
10407376
10410653
10411113
10412486
10423667
10423668
10423671
10423675
10427166
10427170
10427174
10428686
10431144
10437592
10437844
10440537
10441132
10441133
10441134
10441135
10441136
10441137
10441138
10441139
10441140
10441163
10441164
10441165
10441166
10442683
10445200
10445204
10447460
10448615
10449845
10453802
10455259
10461705
10467029
10469474
10472849
10474202
10476037
10487342
10489036
10489203
10489204
10489207
10489211
10492702
10492706
10492710
10509431
10510062
10515582
10520575
10521290
10530857
10534455
10534975
10535128
10535130
10535131
10537378
10538427
10544797
10553154
10553158
10553162
10553166
10553170
10553174
10553178
10553182
10553186
10553278
10555534
10558120
10558238
10558242
10558246
10558683
10566005
10577259
10580367
10582495
10585361
10591057
10593766
10593829
10593830
10593831
10593832
10593833
10595755
10600007
10611990
10611991
10611992
10611993
10611994
10611995
10611996
10611997
10611998
10611999
10621133
10623774
10623778
10623782
10624067
10638004
10641422
10641623
10641806
10641935
10643750
10645367
10645588
10645665
10645788
10648008
10648951
10648986
10649078
10649274
10649907
10657177
10657235
10657297
10657330
10657843
10661239
10664199
10673420
10680104
10684307
10685202
10689310
10689318
10697524
10700697
10701037
10701536
10702920
10706011
10709521
10711074
10718086
10721054
10725048
10726936
10733390
10754846
10754854
10759116
10764237
10770579
10775496
10780462
10780576
10785176
10785303
10799167
10806328
10807953
10819623
10825302
10826656
10833879
10836421
10837188
10837192
10837439
10837441
10838465
10839491
10842559
10844302
10844588
10845149
10845232
10846762
10866244
10868117
10870368
10876821
10879506
10885355
10887744
10896534
10908333
10909285
10909569
10910196
10912154
10915236
10916473
10918618
10919823
10928067
10933774
10939731
10951467
10964831
10964834
10968699
10981008
11004784
11007076
11009124
11011172
11011862
11013220
11015268
11016221
11017316
11019364
11021412
11023460
11029098
11029830
11030188
11030189
11030190
11044064
11044065
11044066
11044067
11044068
11044069
11044070
11044071
11044072
11044095
11044096
11044097
11044098
11044099
11044100
11044101
11044102
11044103
11044104
11044127
11044128
11044129
11044130
11044131
11044132
11044133
11044134
11044135
11044136
11044159
11044160
11044161
11044162
11044163
11044164
11044165
11044166
11044167
11044168
11044191
11044192
11044193
11044194
11044195
11044196
11044197
11044198
11044199
11044200
11044223
11044224
11044225
11044226
11048478
11054524
11054525
11054526
11054527
11054528
11064461
11068454
11068523
11069373
11070564
11071207
11072612
11074660
11076708
11078756
11080804
11082852
11084900
11086438
11086948
11087267
11087268
11087269
11087270
11087271
11087272
11087273
11087274
11088996
11089113
11095054
11099489
11100562
11114377
11114922
11115970
11117035
11117036
11117037
11117038
11117039
11117040
11117041
11117042
11117043
11117066
11117067
11117068
11117069
11117070
11117071
11117072
11117073
11118245
11118246
11118247
11118248
11119265
11136100
11138148
11140196
11141621
11142181
11142244
11144284
11144292
11146340
11146344
11146404
11148388
11148533
11148708
11150436
11152484
11154532
11159487
11171061
11183842
11187733
11197654
11201636
11203684
11204677
11205592
11205620
11205732
11216898
11218879
11219327
11227317
11234367
11246578
11252235
11255392
11259400
11264256
11265288
11266758
11267172
11269220
11294903
11301333
11303370
11310830
11329313
11329677
11346823
11348764
11352923
11356071
11356377
11357841
11364126
11374174
11377626
11379077
11401864
11406122
11407658
11410343
11412132
11412133
11420516
11420517
11421717
11422059
11429606
11435780
11436079
11436242
11438214
11445117
11468847
11469509
11472374
11473451
11480322
11482389
11483914
11493463
11494946
11501049
11504913
11511451
11526959
11530170
11531871
11537128
11551016
11563190
11563903
11567531
11572817
11575342
11582323
11583068
11583901
11604801
11605395
11609673
11615775
11640563
11640566
11640567
11640570
11640571
11640574
11640578
11641714
11646818
11646819
11646820
11646821
11646822
11646823
11646824
11646825
11646826
11646849
11646850
11646851
11646852
11646853
11646854
11646855
11646856
11646857
11646858
11646881
11646882
11646883
11646884
11646885
11646886
11646887
11646888
11646889
11646890
11646913
11646914
11646915
11646916
11646917
11646918
11646919
11646920
11651519
11656193
11656194
11656195
11656196
11664710
11679585
11679586
11679590
11679617
11679649
11679681
11679713
11679745
11679777
11679809
11679841
11679873
11680609
11680641
11680673
11680705
11680737
11680769
11680801
11680833
11680865
11680897
11681633
11681665
11681697
11681729
11681761
11681793
11681825
11681857
11681889
11681921
11682631
11682657
11682689
11682721
11683681
11685981
11686288
11690163
11690687
11693584
11694260
11697528
11697724
11697818
11698448
11698739
11698772
11702834
11705062
11708227
11709840
11712354
11712355
11712356
11712357
11712358
11712359
11712360
11712361
11712362
11712385
11712386
11712387
11712388
11712389
11712390
11712391
11712392
11712393
11712394
11712417
11712418
11712419
11712420
11712421
11712423
11712426
11712449
11712451
11712452
11712453
11712455
11712456
11712457
11712481
11712482
11712483
11712484
11712485
11712487
11712488
11712489
11712490
11712513
11712514
11712515
11712516
11712517
11712520
11712521
11712547
11712548
11712549
11712550
11712552
11712553
11712554
11712577
11712580
11712581
11712582
11712583
11712584
11712609
11712611
11712612
11712613
11712615
11712616
11712617
11712641
11712644
11712645
11712646
11712647
11712648
11712649
11713380
11713382
11713411
11713412
11713413
11713416
11713417
11713441
11713442
11713443
11713444
11713445
11713446
11713447
11713448
11714402
11714403
11714404
11714405
11714406
11714407
11714408
11714409
11714410
11714433
11714434
11714435
11714436
11714437
11714438
11714439
11714440
11714441
11714442
11714465
11714466
11714467
11714468
11714469
11714470
11714471
11714472
11714473
11714474
11714497
11714498
11714499
11714500
11714501
11714502
11714503
11714504
11714505
11714506
11714529
11714530
11714531
11714532
11714533
11714534
11714535
11714536
11714537
11714561
11714562
11714563
11714564
11714565
11714566
11714567
11714568
11714570
11714593
11714594
11721061
11721062
11721063
11721064
11721117
11724870
11725898
11733484
11746282
11754823
11754934
11767880
11772137
11777293
11789052
11789084
11789116
11789148
11789180
11789212
11789244
11789276
11789308
11789730
11790044
11790076
11790268
11796825
11812523
11814493
11821820
11821852
11821884
11821916
11821948
11821980
11822012
11822044
11822076
11822152
11832761
11844579
11845327
11845367
11859421
11859621
11862361
11871201
11878589
11883785
11891351
11892685
11893875
11900626
11904983
11906205
11906209
11906213
11906217
11907357
11908481
11916001
11916033
11916065
11916097
11916129
11916161
11916193
11916225
11924518
11924519
11924520
11924521
11924522
11924523
11924524
11924525
11924526
11924549
11924550
11924551
11924552
11924553
11924554
11924555
11924556
11924557
11924558
11924581
11924582
11924583
11924584
11924585
11924586
11924587
11927897
11929592
11935023
11935326
11941761
11941793
11941825
11941857
11941889
11944752
11953855
11957931
11964719
11973873
11974839
11974840
11978710
11981510
11981511
11981512
11981513
11981514
11981515
11981516
11981517
11981518
11981519
11981542
11981543
11981544
11981545
11981546
11981547
11981548
11981549
11981550
11981551
11981574
11981575
11981576
11981577
11981578
11981579
11981580
11981581
11981582
11981583
11981606
11981607
11981608
11981609
11981610
11981611
11981612
11981613
11981614
11981615
11981638
11981639
11981640
11981641
11981642
11981643
11981644
11981645
11981646
11981647
11981670
11981671
11981672
11981673
11981674
11981675
11981676
11981677
11981678
11981679
11981702
11981703
11981704
11981705
11981706
11981707
11981708
11981709
11981710
11981711
11981734
11981735
11981736
11981737
11981738
11981739
11981740
11981741
11981742
11981743
11981766
11981767
11981768
11981769
11981770
11981771
11981772
11981773
11981774
11981775
11981798
11981799
11981800
11981801
11981802
11981803
11981804
11981805
11981806
11981807
11982138
11982534
11982535
11982536
11982537
11982538
11982539
11982540
11982541
11982542
11982543
11982566
11982567
11982568
11982569
11982570
11982571
11982572
11982573
11982574
11982575
11982598
11982599
11982600
11982601
11982602
11982603
11982604
11982605
11982606
11982607
11982630
11982631
11982632
11982633
11982634
11982635
11982636
11982637
11982638
11982639
11982662
11982663
11982664
11982665
11982666
11982667
11982668
11982669
11982670
11982671
11982694
11982695
11982696
11982697
11982698
11982699
11982700
11982701
11982702
11982703
11982726
11982727
11982728
11982729
11982730
11982731
11982732
11982733
11982734
11982735
11982758
11982759
11982760
11982761
11982762
11982763
11982764
11982765
11982766
11982767
11982790
11982791
11982792
11982793
11982794
11982795
11982796
11982797
11982798
11982799
11982822
11982823
11982824
11982825
11982826
11982827
11982828
11982829
11982830
11982831
11983065
11983558
11983559
11983560
11983561
11983562
11983563
11983564
11983565
11983566
11983567
11983590
11983591
11983592
11983593
11983594
11983595
11983596
11983597
11983598
11983599
11983622
11983623
11983624
11983625
11983626
11983627
11983628
11983629
11983630
11983631
11983654
11983655
11983656
11983657
11983658
11983659
11983660
11983661
11983662
11983663
11983686
11983687
11983688
11983689
11983690
11983691
11983692
11983693
11983694
11983695
11983718
11983719
11983720
11983721
11983722
11983723
11983724
11983725
11983726
11983727
11983750
11983751
11983752
11983753
11983754
11983755
11983756
11983757
11983758
11983759
11983782
11983783
11983784
11983785
11983786
11983787
11983788
11983789
11983790
11983791
11983814
11983815
11983816
11983817
11983818
11983819
11983820
11983821
11983822
11983823
11983846
11983847
11983848
11983849
11983850
11983851
11983852
11983853
11983854
11983855
11984582
11984583
11984584
11984585
11984586
11984587
11984588
11984589
11984590
11984591
11984614
11984615
11984616
11984617
11984618
11984619
11984620
11984621
11984622
11984623
11984646
11984647
11984648
11984649
11984650
11984651
11984652
11984653
11984654
11984655
11984678
11984679
11984680
11984681
11984682
11984683
11984684
11984685
11984686
11984687
11984710
11984711
11984712
11984713
11984714
11984715
11984716
11984717
11984718
11984719
11984742
11984743
11984744
11984745
11984746
11984747
11984748
11984749
11984750
11984751
11984774
11984775
11984776
11984777
11984778
11984779
11984780
11984781
11984782
11984783
11984806
11984807
11984808
11984809
11984810
11984811
11984812
11984813
11984814
11984815
11984838
11984839
11984840
11984841
11984842
11984843
11984844
11984845
11984846
11984847
11984870
11984871
11984872
11984873
11984874
11984875
11984876
11984877
11984878
11984879
11985606
11985607
11985608
11985609
11985610
11985611
11985612
11985613
11985614
11985615
11985638
11985639
11985640
11985641
11985642
11985643
11985644
11985645
11985646
11985647
11985670
11985671
11985672
11988916
11993433
11996531
11996532
11996535
11996539
12003059
12006720
12007824
12010480
12010702
12011762
12019673
12021175
12021425
12025737
12026157
12031824
12035382
12036237
12043958
12047106
12053109
12055726
12057999
12058969
12059582
12061146
12061299
12062067
12062068
12062071
12062075
12064123
12065513
12066372
12067964
12073340
12076726
12080863
12081421
12082846
12083334
12084278
12084516
12085510
12091632
12091633
12091634
12091635
12091636
12091637
12091638
12091639
12091640
12091663
12091664
12091665
12091666
12091667
12091668
12091669
12091670
12091671
12091672
12091695
12091696
12091697
12091698
12091699
12091700
12091701
12091702
12091703
12091704
12091727
12092974
12099776
12114957
12116621
12121821
12122851
12124505
12125877
12127603
12127604
12127607
12127611
12128486
12129718
12142137
12142706
12143067
12143068
12143069
12143070
12147834
12150856
12151275
12153975
12159656
12161050
12161358
12161987
12168767
12177268
12177836
12184989
12189512
12190041
12190197
12193139
12193140
12193143
12193147
12195407
12199037
12212484
12217023
12227602
12230032
12230978
12235037
12243451
12246589
12254463
12255577
12256468
12258675
12258676
12258679
12258683
12259241
12260944
12262174
12262182
12264759
12274832
12281295
12282090
12283615
12285872
12289451
12289547
12289583
12289906
12290049
12291011
12292872
12293768
12296445
12301608
12304610
12305231
12310917
12317485
12321113
12324211
12324212
12324215
12324219
12327710
12327718
12329837
12339829
12340584
12344910
12345826
12346202
12348969
12349021
12349298
12355254
12361451
12363914
12363915
12363916
12363917
12363918
12363919
12363920
12363921
12363922
12363923
12363946
12363947
12363948
12363949
12363950
12363951
12363952
12363953
12363954
12363955
12363978
12363979
12363980
12363981
12363982
12363983
12363984
12363985
12363986
12363987
12364010
12364011
12364012
12364013
12364014
12364015
12364016
12364017
12364018
12364019
12364042
12364043
12364044
12364045
12364046
12364047
12364048
12364049
12364050
12365755
12365957
12373284
12378104
12379380
12379381
12379382
12379383
12379384
12379385
12379386
12379387
12379503
12386649
12386665
12389747
12389748
12389751
12389755
12390050
12391381
12391382
12391383
12391384
12391385
12391386
12391387
12391388
12391389
12393246
12393254
12401317
12403970
12404918
12414519
12421197
12424844
12426202
12434100
12434152
12443877
12445930
12447439
12449381
12455283
12455284
12455287
12455291
12455964
12458782
12458790
12470943
12473839
12480191
12482220
12482221
12482222
12482223
12482224
12482225
12486000
12488749
12488750
12488751
12488752
12488753
12488754
12488755
12488756
12514334
12520819
12520820
12520823
12520827
12523798
12523926
12524318
12524326
12527619
12528072
12529772
12530754
12533444
12541979
12542494
12543890
12547710
12552987
12553253
12553257
12554704
12554705
12554706
12554722
12569909
12576257
12578779
12579619
12586355
12586356
12586359
12586363
12587307
12589854
12589862
12590047
12590048
12592968
12598132
12598903
12600128
12601174
12607376
12616505
12621494
12623344
12633662
12634191
12635729
12652827
12655390
12655398
12665681
12668027
12668028
12672454
12683169
12709452
12716471
12716947
12718938
12720926
12720934
12726951
12728411
12728602
12730609
12733647
12738974
12740830
12747019
12748483
12748484
12748485
12748486
12748487
12748488
12752820
12755933
12757608
12765044
12765056
12765715
12765820
12765956
12765972
12766064
12766068
12766072
12769721
12772214
12772804
12786462
12786470
12796192
12796193
12796194
12796195
12796196
12796197
12796198
12796199
12796200
12796223
12796224
12796225
12797216
12797217
12797218
12797219
12797220
12797221
12797222
12799146
12799410
12802832
12806988
12810004
12811602
12814852
12834228
12841985
12849214
12851998
12852006
12859098
12862452
12863348
12867260
12867261
12867262
12867263
12870831
12877671
12881186
12881841
12892462
12903672
12907280
12910270
12910699
12933972
12942451
12957168
12961940
12965753
12973191
12975411
12975786
12979259
12980416
12982027
12982066
12990994
12997843
12999223
12999224
13012715
13013144
13032963
13033806
13039515
13043861
13052274
13056887
13063871
13068441
13079279
13080784
13087641
13087642
13102181
13104229
13104549
13104739
13106041
13106277
13106597
13108325
13108645
13110373
13112421
13114951
13118493
13119196
13119942
13121744
13127233
13130904
13130905
13130906
13130907
13131235
13133180
13138014
13139933
13145891
13150865
13151676
13151677
13151678
13151679
13162236
13163792
13174445
13180766
13183764
13185763
13186688
13188746
13193453
13204327
13210316
13210317
13210318
13210319
13210320
13212602
13212707
13214688
13232332
13236211
13236213
13236215
13236219
13236223
13238771
13238773
13240671
13253728
13262912
13263643
13263786
13264583
13264611
13266003
13268477
13269413
13293646
13297868
13298771
13303648
13307457
13308721
13308722
13308723
13308724
13308725
13308726
13308727
13308728
13308729
13308752
13308753
13308754
13308755
13308756
13308757
13308758
13308759
13312947
13313309
13318995
13319776
13321056
13321057
13321058
13324690
13340247
13344352
13344725
13350913
13353650
13353675
13353746
13353842
13354589
13354610
13354706
13354802
13355634
13355762
13356793
13357650
13357819
13363404
13363477
13364599
13365031
13367888
13369584
13370101
13374104
13374912
13375356
13376013
13376048
13376091
13376272
13376923
13377241
13386535
13399660
13401290
13410001
13410002
13410003
13410004
13410005
13410006
13410007
13410008
13410009
13410032
13410033
13410034
13410035
13412740
13428002
13428597
13439757
13440628
13442392
13448243
13453089
13459972
13461258
13461820
13465993
13467911
13474778
13478672
13484860
13495622
13495623
13495624
13495625
13495626
13495627
13495628
13495629
13501443
13510657
13522723
13524111
13539377
13559093
13559946
13569332
13569526
13577532
13581766
13584020
13598603
13610612
13610613
13610614
13610615
13610616
13610617
13610618
13610619
13610620
13610644
13610645
13610646
13610648
13610649
13611749
13620482
13621451
13624275
13624787
13627666
13634523
13657149
13673184
13682375
13687666
13687982
13688012
13691120
13695235
13711770
13715730
13724643
13730078
13737714
13737715
13737718
13737719
13737722
13737723
13737726
13737730
13738866
13744339
13758789
13759509
13759510
13759511
13759512
13759513
13762339
13770189
13770450
13772967
13775276
13776883
13781440
13782433
13782559
13786480
13787528
13796281
13821064
13821827
13843399
13844410
13846032
13855161
13855178
13855740
13872273
13874103
13874468
13876387
13879851
13880624
13880792
13888697
13893977
13900962
13901399
13911598
13912534
13919011
13925073
13925860
13933562
13936480
13944151
13948227
13948230
13948342
13950390
13950664
13952024
13959513
13961823
13964729
13975393
13975506
13976912
13980405
13983045
13987064
13987446
13989637
13991027
13991516
14000253
14003357
14003361
14003365
14004509
14015524
14017858
14017859
14017860
14017861
14017862
14017863
14017864
14017865
14017866
14020289
14020844
14021365
14025049
14025650
14027151
14030172
14032465
14033065
14034122
14045084
14048702
14058140
14066546
14073466
14089209
14089273
14089337
14089401
14089465
14089529
14089593
14089657
14089721
14089785
14090585
14091257
14091321
14091385
14091449
14091513
14091577
14091641
14091705
14091769
14091833
14093305
14093369
14093433
14093497
14093561
14093625
14093683
14093687
14093689
14093691
14093753
14093817
14093881
14095353
14095417
14095481
14095545
14095609
14095673
14098100
14103176
14103301
14104524
14105113
14105114
14105878
14108721
14109972
14110003
14129967
14131849
14139953
14142639
14145482
14156121
14159219
14159223
14159227
14160457
14164451
14167829
14168101
14168142
14171422
14176744
14178118
14178354
14181904
14184880
14184881
14184882
14184883
14184884
14184885
14184886
14184887
14184888
14184911
14184912
14184913
14184914
14184915
14184916
14184917
14184918
14184919
14184920
14184943
14184944
14184945
14184946
14184947
14184948
14184949
14184950
14184951
14184952
14184975
14184976
14184977
14184978
14184979
14184980
14184981
14184982
14184983
14184984
14185007
14185008
14185009
14185010
14185011
14185012
14185013
14185014
14185015
14185016
14185039
14185040
14185041
14185042
14185043
14185044
14185045
14185046
14185047
14185048
14185071
14185072
14185073
14185074
14185075
14185076
14185077
14185078
14185079
14185080
14185103
14185104
14185105
14185106
14185107
14185108
14185109
14185110
14185111
14185112
14185135
14185136
14185137
14185138
14185139
14185140
14185141
14185142
14185143
14185144
14185167
14185168
14185169
14185170
14185171
14185172
14185173
14185174
14185175
14185176
14185903
14194785
14195549
14196472
14209397
14213549
14213646
14214536
14215716
14215717
14215718
14215719
14215720
14215721
14215722
14215723
14221657
14224755
14224759
14224763
14236681
14236736
14236966
14238255
14244568
14245983
14247454
14248484
14248485
14248486
14248487
14248488
14248489
14248490
14248491
14251633
14252214
14259182
14260485
14269661
14271949
14277049
14281252
14281253
14281254
14281255
14281256
14281257
14281258
14281259
14284787
14284789
14284791
14287193
14287347
14287349
14290291
14290295
14290299
14291811
14302385
14302974
14307665
14314020
14314021
14314022
14314023
14314024
14314025
14314026
14317040
14325736
14329561
14332189
14336201
14341275
14346788
14346789
14346790
14346791
14346792
14346793
14346794
14346795
14347176
14347177
14347178
14347179
14349571
14350120
14350183
14352729
14355827
14355831
14355835
14356293
14358926
14359326
14359334
14368526
14379556
14379557
14379558
14379559
14379560
14379561
14379562
14379563
14384806
14388289
14395669
14406067
14411999
14412000
14412324
14412325
14412326
14412327
14412328
14412329
14412330
14412331
14412332
14412355
14412356
14412357
14412358
14412359
14412360
14412361
14412362
14412363
14412364
14412387
14413023
14413024
14418265
14421363
14421367
14421371
14423505
14424862
14424870
14445092
14445093
14445094
14445095
14445096
14445097
14445098
14445099
14445100
14445123
14446323
14449767
14458577
14458578
14458579
14458580
14458581
14458582
14458583
14458584
14458585
14458608
14458609
14458610
14458611
14466255
14468567
14468648
14475675
14483801
14485297
14486899
14486903
14486907
14490398
14490406
14501691
14503577
14504251
14508803
14519511
14523354
14538542
14538543
14539733
14545733
14551777
14552435
14552439
14552443
14555934
14555942
14557150
14560449
14573037
14578077
14580683
14590538
14594758
14596508
14599043
14599204
14602992
14605161
14615041
14617971
14617979
14619331
14621470
14621478
14637782
14648818
14648819
14648820
14648821
14651621
14654542
14663753
14665344
14669036
14669619
14672826
14672827
14672828
14674716
14678301
14683507
14683515
14687006
14687014
14695775
14697074
14697106
14697138
14698705
14700629
14703581
14707891
14712865
14718764
14722583
14724519
14734531
14736693
14739269
14742816
14743005
14744642
14744882
14750477
14752053
14752542
14752550
14755235
14757868
14766165
14766599
14774045
14781575
14786434
14794235
14795145
14802407
14802411
14809618
14818078
14818086
14821289
14824030
14827102
14828532
14828953
14830906
14830910
14830914
14830918
14830922
14830926
14830930
14831314
14831701
14834831
14844157
14848461
14849036
14850590
14851562
14861173
14862878
14865616
14871550
14875166
14880286
14883614
14883622
14887171
14893952
14894709
14897237
14897797
14897861
14897925
14897989
14899333
14906090
14917929
14918973
14920072
14929759
14930452
14931451
14944713
14949150
14949158
14953823
14961752
14969497
14969498
14969499
14969500
14969501
14969502
14976163
14982686
14983027
14985323
14994974
14996616
14997990
15000094
15002949
15006755
15011526
15012382
15012870
15019172
15023725
15028425
15036492
15036730
15039603
15042565
15045189
15045729
15050013
15056248
15059737
15059738
15065310
15065626
15067257
15068056
15073369
15073370
15073371
15073372
15074801
15077245
15077246
15077247
15077248
15077249
15089308
15090391
15094575
15095488
15098610
15101907
15102816
15105519
15107811
15114782
15116375
15116830
15117742
15120418
15121661
15124594
15126590
15127018
15129109
15131885
15137889
15138334
15140841
15147550
15150500
15165111
15173296
15173457
15176962
15177500
15186187
15187309
15187310
15187529
15200764
15205207
15221238
15225204
15233456
15233457
15233458
15233459
15233460
15233461
15233462
15233463
15233464
15233487
15233488
15233489
15233490
15233491
15233492
15233493
15233494
15233495
15233496
15233519
15233520
15233521
15233522
15233523
15233524
15233525
15233526
15233527
15233528
15233551
15233552
15233553
15233554
15233555
15233556
15233557
15233558
15233559
15233560
15233583
15233584
15233585
15233586
15233587
15233588
15233589
15233590
15233591
15233592
15233615
15233616
15233617
15233618
15233619
15233620
15233621
15233622
15233623
15233624
15233647
15233648
15233649
15233650
15233651
15233652
15233653
15233654
15233655
15233656
15233679
15233680
15233681
15233682
15233683
15233684
15233685
15233686
15233687
15233688
15233711
15233712
15233713
15233714
15233715
15233716
15233717
15233718
15233719
15233720
15233743
15233744
15233745
15233746
15233747
15233748
15233749
15233750
15233751
15233752
15234479
15240894
15241470
15243806
15249385
15253518
15253716
15257118
15257880
15258156
15271466
15275771
15277936
15278623
15279685
15282329
15285342
15285920
15286136
15292931
15295957
15303632
15304270
15319601
15322101
15323737
15333363
15333365
15333367
15333369
15333373
15335923
15337300
15337301
15337302
15338660
15341307
15345853
15345854
15345855
15347230
15347931
15349782
15359119
15361605
15362488
15363023
15363451
15369417
15370782
15371448
15374291
15374732
15379998
15386423
15389214
15391679
15391680
15398728
15399454
15406843
15408670
15410581
15413436
15423422
15425769
15435769
15438960
15441654
15456671
15458648
15460829
15463160
15483088
15494326
15496631
15496905
15497352
15499960
15501232
15501233
15501234
15501236
15501237
15501238
15501240
15501263
15501264
15501266
15501267
15501268
15501270
15501271
15501295
15501297
15501299
15501301
15501303
15501327
15501328
15501329
15501331
15501333
15501334
15501335
15501359
15501360
15501361
15501363
15501365
15501367
15507153
15507154
15507155
15507156
15507157
15507158
15507159
15507160
15507161
15507184
15507185
15507186
15507187
15516190
15517510
15519511
15519654
15521833
15525379
15529599
15530526
15538718
15545783
15549715
15552769
15563072
15571930
15572105
15573481
15573482
15573483
15573484
15573485
15573486
15573487
15573488
15573489
15587641
15590094
15593447
15593448
15597342
15602182
15603918
15608241
15612842
15620422
15622243
15622244
15622245
15622246
15622247
15626981
15642142
15643006
15650334
15650351
15654213
15658679
15659800
15660120
15660750
15662096
15663646
15671838
15672442
15676592
15690974
15698405
15700014
15701299
15715573
15722434
15725486
15730519
15730520
15730521
15730522
15730523
15736219
15736781
15752971
15753919
15758743
15759881
15763393
15763998
15768943
15780382
15785502
15789263
15791022
15794350
15794492
15801886
15801953
15806003
15807729
15824192
15825799
15826180
15827750
15831939
15834866
15834870
15834874
15834878
15836018
15838531
15838859
15839302
15839419
15843655
15855676
15856558
15865185
15874206
15874695
15874727
15874759
15875242
15875271
15877386
15887999
15890543
15896270
15897003
15897475
15900060
15900092
15900124
15900156
15900607
15900636
15904703
15904734
15922094
15925653
15934672
15949551
15952425
15964519
15967621
15974778
15975993
15985337
15985836
15985837
15985838
15985839
15985840
15985841
15986161
15987630
15991129
15997501
15997697
16004079
16007321
16013427
16014387
16015181
16016658
16017087
16019769
16022068
16023919
16040765
16042067
16044209
16047486
16053166
16055975
16056665
16074350
16074351
16074352
16074353
16074354
16074355
16074356
16074357
16081444
16085185
16088179
16090208
16094057
16094623
16099416
16100509
16100513
16100517
16101661
16112253
16118702
16118789
16122201
16123748
16136966
16155421
16159357
16159358
16159673
16163698
16169670
16179242
16179439
16184238
16187737
16190835
16190843
16190986
16191072
16194512
16195022
16196630
16199333
16199382
16202526
16209626
16209628
16209629
16209630
16209631
16209632
16209633
16211734
16214570
16219806
16220506
16226222
16229468
16234716
16237525
16249774
16251554
16253273
16256371
16256379
16262418
16264942
16265832
16272768
16273632
16280255
16282032
16282033
16282034
16282035
16282036
16282037
16282038
16282039
16282040
16282063
16282064
16282065
16282066
16282067
16282068
16282069
16282070
16282071
16282072
16282095
16282096
16282097
16282098
16282099
16282100
16282101
16282102
16282103
16282104
16282127
16282128
16282129
16282130
16282131
16282132
16282133
16282134
16282135
16282136
16282159
16282160
16282161
16282162
16282163
16282164
16282165
16282166
16282167
16282168
16282191
16282192
16282193
16282194
16282195
16282196
16282197
16282198
16282199
16282200
16282223
16282224
16282225
16282226
16282227
16282228
16282229
16282230
16282231
16282232
16282255
16282256
16282257
16282258
16282259
16282260
16282261
16282262
16282263
16282264
16282287
16282288
16282289
16282290
16282291
16282292
16282293
16282294
16282295
16282296
16282319
16282320
16282321
16282322
16282323
16282324
16282325
16282326
16282327
16282328
16283055
16284431
16284726
16288849
16290028
16290645
16300790
16303185
16304843
16308472
16314177
16314446
16315310
16317907
16318809
16321907
16321915
16322520
16323709
16326095
16339402
16343176
16348690
16352777
16367244
16372003
16377181
16381939
16381941
16381943
16384345
16384499
16387424
16387443
16387451
16398281
16398650
16398742
16399193
16402165
16403953
16411120
16414143
16414144
16414145
16414194
16416742
16417482
16423808
16430687
16438754
16448210
16448211
16448918
16449881
16451797
16452979
16452987
16456478
16456486
16465516
16473467
16475445
16478884
16480977
16480978
16480979
16495166
16495345
16501422
16513745
16513746
16513747
16513748
16513749
16513750
16515417
16515965
16517008
16518515
16518523
16522014
16522022
16524134
16536008
16536495
16540399
16543423
16561440
16561696
16561952
16562208
16562464
16562720
16562976
16563232
16563488
16567627
16569369
16569376
16569632
16569888
16570144
16570400
16570656
16570912
16571168
16571424
16571450
16571680
16576613
16576778
16577568
16577824
16578080
16578336
16578592
16578848
16579104
16579191
16579360
16579616
16579872
16580953
16584051
16584059
16585760
16586016
16586272
16586528
16586784
16587040
16587296
16587550
16587552
16587558
16587808
16588064
16588265
16593952
16594208
16594464
16594720
16594976
16595232
16595488
16595744
16596000
16596256
16596950
16598582
16599363
16602144
16602400
16602656
16602912
16603168
16603424
16603680
16603936
16604192
16604420
16604448
16610048
16610243
16610336
16610592
16610848
16611104
16611258
16611360
16611616
16611872
16612128
16612384
16612640
16618528
16618784
16619040
16619296
16619552
16619808
16620064
16620320
16620506
16620576
16620832
16623601
16626038
16626720
16626976
16627232
16627488
16627744
16628000
16628256
16628512
16628768
16629024
16633114
16634912
16635168
16635424
16635680
16635936
16636192
16636448
16636704
16636960
16637216
16638029
16639902
16648228
16648580
16649587
16649595
16653086
16653094
16657413
16661549
16668566
16672127
16683239
16695977
16699512
16702956
16712447
16712448
16712449
16712450
16714787
16715123
16715131
16718622
16718630
16724638
16726134
16729121
16730460
16741275
16747259
16747708
16752944
16754132
16754164
16756415
16760524
16768504
16776991